route_id,service_id,trip_id,trip_headsign,trip_short_name,direction_id,block_id,shape_id,wheelchair_accessible
3,4,1,,301,0,145,71,
23,6,2,,841,0,93,12,
3,6,3,,319,0,23,87,
3,5,4,,321,0,140,71,
23,1,5,,9710,1,183,9,
13,3,6,,4371,1,34,61,
5,3,7,,105,0,108,109,
11,3,8,,199,1,107,60,
21,3,9,,3956,1,23,121,
16,2,10,,707,0,,23,
3,4,11,,305,0,,123,
23,1,12,,864,1,42,9,
9,3,13,,353,0,169,138,
2,1,14,,3202,0,74,67,
6,5,15,,643,0,11,63,
13,5,16,,4371,1,34,61,
13,4,17,,4120,0,35,89,
8,2,18,,9354,1,194,3,
13,1,19,,425,0,35,54,
21,5,20,,3952,0,23,50,
8,4,21,,3012,0,124,29,
3,5,22,,348,0,125,78,
8,5,23,,9354,1,194,3,
23,4,24,,974,1,183,11,
19,3,25,,922,0,43,72,
8,2,26,,326,1,98,30,
18,6,27,,901,0,159,112,
23,1,28,,867,1,120,13,
16,3,29,,718,1,22,88,
8,6,30,,9354,1,194,3,
3,6,31,,385,1,22,102,
13,6,32,,4160,0,17,89,
16,7,33,,917,1,69,36,
8,1,34,,331,1,127,30,
13,5,35,,421,0,17,14,
6,2,36,,801,1,63,42,
8,6,37,,3004,0,147,37,
8,1,38,,9355,1,128,3,
13,5,39,,4170,0,35,54,
11,1,40,,150,0,100,82,
19,3,41,,808,1,12,99,
2,3,42,,3202,0,74,67,
18,4,43,,924,0,163,34,
10,4,44,,54,1,140,70,
6,1,45,,799,1,23,42,
18,5,46,,930,1,166,1,
6,2,47,,651,1,23,106,
11,6,48,,223,0,116,49,
6,3,49,,640,0,23,63,
11,5,50,,173,0,108,82,
11,3,51,,216,0,115,49,
13,4,52,,437,1,17,55,
2,3,53,,3207,1,74,68,
7,1,54,,3511,0,31,75,
23,5,55,,978,1,93,13,
3,6,56,,391,1,23,31,
11,3,57,,196,1,117,81,
2,6,58,,3100,1,27,68,
11,2,59,,214,0,104,7,
18,5,60,,923,0,154,15,
23,6,61,,847,0,120,12,
18,6,62,,923,0,154,15,
8,6,63,,3008,0,152,29,
17,3,64,,834,0,181,20,
8,6,65,,9351,1,115,3,
3,3,66,,382,1,116,48,
17,5,67,,840,1,181,19,
21,4,68,,3954,1,,51,
10,7,69,,55,1,61,70,
19,5,70,,921,0,168,28,
3,4,71,,390,1,141,139,
6,2,72,,799,1,69,42,
18,2,73,,8156,1,164,35,
23,3,74,,862,1,95,101,
3,1,75,,330,0,144,57,
13,2,76,,4180,0,36,54,
3,4,77,,365,1,139,40,
13,4,78,,4241,0,34,54,
13,2,79,,4291,1,17,61,
23,5,80,,845,0,40,10,
3,1,81,,301,0,145,71,
3,1,82,,359,1,,47,
4,6,83,,822,1,11,122,
8,5,84,,322,1,151,3,
11,2,85,,229,1,103,59,
10,1,86,,55,0,140,69,
23,2,87,,971,1,183,9,
8,3,88,,3010,0,97,37,
23,5,89,,867,1,120,13,
7,4,90,,3511,0,31,75,
18,6,91,,8153,0,155,90,
13,6,92,,423,0,35,14,
8,6,93,,313,0,20,29,
23,3,94,,975,1,183,13,
3,6,95,,384,1,137,26,
2,3,96,,3203,0,27,67,
8,3,97,,3004,0,147,37,
16,1,98,,717,1,29,88,
11,1,99,,207,0,109,2,
8,2,100,,302,0,58,37,
11,4,101,,216,0,115,49,
18,5,102,,950,1,162,16,
13,4,103,,4330,1,17,64,
18,4,104,,946,1,161,65,
18,1,105,,950,1,162,16,
3,6,106,,312,0,7,96,
19,6,107,,808,1,12,99,
13,5,108,,437,1,17,55,
23,2,109,,846,0,8,116,
23,2,110,,839,0,183,12,
4,4,111,,813,0,143,118,
18,4,112,,934,1,168,1,
14,3,113,,3920,1,28,111,
8,6,114,,331,1,127,30,
13,4,115,,4321,1,197,117,
19,5,116,,8222,0,1,32,
2,4,117,,3212,1,27,68,
13,5,118,,4160,0,17,89,
18,5,119,,919,0,153,34,
3,2,120,,301,0,145,71,
13,3,121,,4181,0,17,54,
23,6,122,,9710,1,183,9,
3,5,123,,345,0,136,105,
21,2,124,,3956,1,23,121,
3,6,125,,349,0,1,78,
2,6,126,,3206,0,174,67,
13,1,127,,4341,1,17,55,
3,1,128,,302,0,7,95,
13,1,129,,4372,1,34,61,
14,4,130,,3917,0,28,110,
11,1,131,,176,1,100,85,
17,1,132,,625,0,176,20,
6,1,133,,651,1,23,106,
23,4,134,,867,1,120,13,
3,2,135,,313,0,198,98,
18,4,136,,920,0,157,90,
8,4,137,,3008,0,152,29,
19,5,138,,803,0,40,80,
13,4,139,,4271,0,17,54,
16,6,140,,701,0,138,23,
21,1,141,,3951,0,23,50,
8,5,142,,3008,0,152,29,
3,2,143,,317,0,,52,
13,6,144,,4330,1,17,64,
13,6,145,,4421,1,17,55,
23,5,146,,9710,1,183,9,
3,2,147,,387,1,126,79,
13,2,148,,4211,0,30,54,
18,2,149,,924,0,131,34,
23,4,150,,970,1,183,9,
19,1,151,,803,0,40,80,
23,2,152,,867,1,8,13,
13,5,153,,4242,0,34,54,
11,2,154,,195,1,114,94,
23,4,155,,866,1,40,13,
3,6,156,,392,1,122,40,
2,5,157,,3101,0,27,67,
18,4,158,,944,1,153,35,
13,5,159,,4120,0,35,89,
7,3,160,,3608,0,179,75,
4,1,161,,811,0,142,118,
18,3,162,,924,0,163,34,
10,4,163,,55,0,140,69,
11,5,164,,189,1,69,81,
11,6,165,,179,1,101,59,
23,2,166,,8331,0,94,130,
3,1,167,,369,1,13,128,
13,4,168,,421,0,17,14,
2,4,169,,3213,1,174,68,
14,3,170,,3921,1,23,111,
16,6,171,,714,1,131,88,
3,4,172,,364,1,,53,
19,4,173,,805,0,90,27,
23,4,174,,975,1,183,13,
4,3,175,,817,1,153,86,
17,4,176,,840,1,181,19,
1,3,177,,74,0,144,58,
3,1,178,,345,0,136,105,
11,2,179,,164,0,113,114,
23,4,180,,957,0,183,12,
11,3,181,,150,0,100,82,
3,6,182,,367,1,132,40,
11,6,183,,164,0,113,114,
11,2,184,,150,0,100,82,
16,1,185,,715,1,180,144,
4,3,186,,822,1,11,122,
3,2,187,,372,1,123,40,
3,5,188,,330,0,144,57,
11,1,189,,187,1,113,115,
23,5,190,,971,1,183,9,
3,6,191,,320,0,13,52,
18,4,192,,947,1,23,41,
13,6,193,,4170,0,35,54,
18,4,194,,918,0,165,90,
17,5,195,,839,1,181,17,
8,2,196,,3007,0,192,37,
15,6,197,,3300,0,5,126,
6,5,198,,799,1,23,42,
8,4,199,,322,1,151,3,
23,4,200,,862,1,95,101,
11,5,201,,174,0,106,7,
23,1,202,,978,1,93,13,
3,1,203,,391,1,23,31,
16,3,204,,717,1,29,88,
20,3,205,,3910,0,,45,
18,4,206,,930,1,166,1,
19,5,207,,801,0,76,27,
3,5,208,,319,0,23,87,
13,1,209,,4310,1,35,61,
16,2,210,,939,1,86,100,
6,6,211,,647,1,190,38,
11,3,212,,209,0,80,7,
17,3,213,,631,1,138,131,
2,1,214,,3101,0,27,67,
18,6,215,,930,1,166,1,
14,6,216,,3917,0,28,110,
14,5,217,,3921,1,23,111,
6,6,218,,798,1,23,42,
17,2,219,,631,1,138,131,
3,6,220,,301,0,145,71,
4,6,221,,817,1,153,86,
11,5,222,,238,1,109,59,
11,5,223,,195,1,114,94,
13,2,224,,4373,1,63,55,
11,3,225,,178,1,206,124,
14,3,226,,3917,0,28,110,
11,6,227,,174,0,106,7,
11,2,228,,213,0,111,7,
19,1,229,,8222,0,24,32,
4,1,230,,816,1,142,86,
11,5,231,,187,1,113,115,
17,3,232,,836,1,182,17,
8,6,233,,314,0,134,29,
23,5,234,,857,1,8,24,
8,1,235,,3004,0,147,37,
8,4,236,,314,0,134,29,
19,6,237,,8164,1,44,97,
2,3,238,,3201,0,74,67,
3,1,239,,387,1,126,79,
3,5,240,,313,0,198,98,
13,3,241,,4180,0,36,54,
2,2,242,,3206,0,4,67,
5,5,243,,105,0,108,109,
23,3,244,,847,0,120,12,
3,2,245,,350,0,115,71,
19,1,246,,922,0,43,72,
2,1,247,,3102,0,74,67,
6,4,248,,652,1,197,42,
3,3,249,,300,0,179,76,
3,6,250,,348,0,125,78,
21,3,251,,3950,0,,50,
13,3,252,,425,0,35,54,
23,1,253,,866,1,40,13,
16,3,254,,700,0,178,23,
23,2,255,,862,1,95,101,
4,5,256,,822,1,11,122,
3,5,257,,387,1,126,79,
11,4,258,,176,1,100,85,
6,4,259,,798,1,23,42,
20,6,260,,3910,0,,45,
21,3,261,,3954,1,,51,
21,4,262,,3950,0,,50,
2,6,263,,3202,0,74,67,
23,4,264,,950,0,183,10,
14,4,265,,3915,0,13,110,
23,5,266,,847,0,120,12,
3,3,267,,319,0,23,87,
11,7,268,,1972,1,23,60,
20,6,269,,3913,1,13,46,
3,5,270,,383,1,5,127,
3,3,271,,307,0,121,78,
3,5,272,,305,0,,123,
23,1,273,,843,0,42,12,
3,2,274,,306,0,,125,
3,3,275,,383,1,5,127,
8,6,276,,3016,0,126,37,
3,3,277,,385,1,22,102,
8,3,278,,330,1,135,3,
16,2,279,,717,1,29,88,
13,2,280,,4401,1,17,61,
19,7,281,,1009,1,1,39,
13,3,282,,438,1,35,77,
2,3,283,,3213,1,174,68,
3,2,284,,389,1,129,26,
13,3,285,,4120,0,35,89,
8,4,286,,3002,0,31,37,
17,4,287,,631,1,138,131,
8,1,288,,332,1,127,30,
11,6,289,,240,1,119,85,
13,6,290,,4271,0,17,54,
4,6,291,,326,0,185,133,
18,4,292,,953,1,163,35,
2,6,293,,3203,0,27,67,
3,1,294,,383,1,5,127,
11,4,295,,164,0,113,114,
13,5,296,,4373,1,35,55,
8,1,297,,3007,0,192,37,
3,1,298,,300,0,179,76,
8,1,299,,9366,1,193,3,
8,4,300,,9351,1,115,3,
16,5,301,,700,0,178,23,
8,6,302,,9392,1,58,3,
11,5,303,,233,1,112,59,
19,6,304,,806,1,1,39,
3,3,305,,348,0,125,78,
3,6,306,,387,1,126,79,
16,6,307,,9448,1,200,103,
8,1,308,,9354,1,194,3,
13,2,309,,423,0,35,14,
13,2,310,,4120,0,35,89,
11,6,311,,238,1,109,59,
19,2,312,,810,1,1,39,
8,3,313,,3007,0,192,37,
23,5,314,,846,0,120,116,
13,2,315,,4241,0,34,54,
9,5,316,,353,0,169,138,
17,6,317,,631,1,138,131,
6,3,318,,798,1,23,42,
23,2,319,,952,0,183,10,
19,5,320,,809,1,1,39,
8,4,321,,3017,0,127,37,
2,4,322,,3100,1,27,68,
3,5,323,,300,0,179,76,
23,1,324,,971,1,183,9,
14,2,325,,3918,1,13,111,
5,6,326,,107,1,113,83,
17,5,327,,831,0,181,18,
13,3,328,,4421,1,17,55,
3,3,329,,355,1,147,26,
4,5,330,,326,0,185,133,
12,3,331,,8621,0,118,66,
13,5,332,,4421,1,17,55,
3,4,333,,312,0,7,96,
19,6,334,,801,0,76,27,
8,3,335,,3016,0,126,37,
3,1,336,,382,1,116,48,
21,5,337,,3955,1,23,121,
11,6,338,,195,1,114,94,
17,6,339,,836,1,182,17,
18,3,340,,948,1,158,35,
18,6,341,,903,0,169,137,
22,1,342,,7214,1,59,92,
14,1,343,,3915,0,13,110,
8,1,344,,3012,0,124,29,
19,3,345,,803,0,40,80,
13,4,346,,4421,1,17,55,
3,3,347,,364,1,,53,
17,2,348,,830,0,182,20,
20,4,349,,3912,1,,46,
3,4,350,,383,1,5,127,
23,3,351,,843,0,42,12,
6,1,352,,643,0,11,63,
13,6,353,,4211,0,30,54,
10,2,354,,55,0,164,69,
11,5,355,,205,0,77,145,
11,6,356,,173,0,108,82,
8,4,357,,3016,0,126,37,
13,3,358,,421,0,17,14,
3,1,359,,299,1,102,132,
3,6,360,,330,0,144,57,
19,5,361,,805,0,90,27,
18,6,362,,918,0,165,90,
3,6,363,,383,1,5,127,
3,3,364,,390,1,141,139,
13,2,365,,425,0,35,54,
18,4,366,,8153,0,155,90,
8,1,367,,314,0,134,29,
2,2,368,,3102,0,74,67,
23,3,369,,952,0,183,10,
6,4,370,,645,1,23,42,
11,1,371,,197,1,108,85,
5,1,372,,101,0,100,84,
23,3,373,,9710,1,183,9,
8,3,374,,9351,1,115,3,
2,5,375,,3203,0,27,67,
6,4,376,,801,1,23,42,
3,4,377,,350,0,115,71,
8,5,378,,9351,1,115,3,
13,3,379,,4221,0,35,14,
23,2,380,,950,0,183,10,
11,1,381,,174,0,106,7,
7,6,382,,3608,0,179,75,
8,3,383,,3001,0,7,37,
11,5,384,,207,0,109,2,
16,3,385,,707,0,,23,
11,1,386,,196,1,117,81,
11,3,387,,194,1,106,94,
18,6,388,,920,0,157,90,
3,6,389,,316,0,96,78,
23,2,390,,845,0,8,10,
3,6,391,,304,0,59,91,
11,2,392,,194,1,106,94,
16,5,393,,9151,1,38,141,
18,7,394,,1100,0,61,34,
19,1,395,,801,0,76,27,
10,5,396,,55,0,140,69,
17,3,397,,840,1,181,19,
17,2,398,,836,1,182,17,
3,1,399,,364,1,,53,
8,1,400,,302,0,58,37,
5,4,401,,108,1,108,108,
18,5,402,,9451,1,32,56,
8,1,403,,312,0,98,29,
4,4,404,,817,1,153,86,
6,2,405,,640,0,23,63,
10,2,406,,53,1,164,70,
15,5,407,,3300,0,5,126,
16,3,408,,907,0,11,120,
22,6,409,,7214,1,59,92,
4,7,410,,930,0,46,118,
19,2,411,,806,1,1,39,
18,2,412,,8153,0,119,90,
4,5,413,,821,1,186,43,
19,5,414,,8164,1,44,97,
6,1,415,,652,1,197,42,
11,6,416,,234,1,104,59,
3,1,417,,390,1,141,139,
19,7,418,,1008,0,1,119,
11,5,419,,199,1,107,60,
13,6,420,,4372,1,34,61,
18,1,421,,934,1,168,1,
21,2,422,,3952,0,23,50,
19,2,423,,921,0,117,28,
3,3,424,,288,1,144,40,
18,5,425,,908,0,167,90,
6,6,426,,648,1,23,38,
17,1,427,,631,1,138,131,
2,3,428,,3102,0,74,67,
20,3,429,,3913,1,13,46,
23,5,430,,950,0,183,10,
19,2,431,,800,0,92,27,
8,3,432,,9366,1,193,3,
12,2,433,,866,1,104,25,
3,4,434,,313,0,198,98,
23,1,435,,858,1,42,13,
3,3,436,,299,1,102,132,
16,5,437,,701,0,138,23,
11,2,438,,158,0,102,8,
8,5,439,,305,0,99,29,
19,3,440,,805,0,90,27,
13,6,441,,4401,1,17,61,
6,2,442,,645,1,23,42,
19,5,443,,804,0,33,80,
2,1,444,,3214,1,74,68,
19,1,445,,921,0,168,28,
11,4,446,,205,0,77,145,
11,4,447,,179,1,101,59,
18,4,448,,901,0,159,112,
3,6,449,,347,0,5,125,
23,5,450,,844,0,42,10,
3,1,451,,348,0,125,78,
2,2,452,,3201,0,74,67,
13,1,453,,4321,1,197,117,
20,2,454,,3912,1,,46,
21,1,455,,3950,0,,50,
8,3,456,,9355,1,128,3,
11,2,457,,190,1,16,59,
11,6,458,,178,1,206,124,
3,1,459,,312,0,7,96,
18,2,460,,950,1,130,16,
2,1,461,,3212,1,27,68,
22,4,462,,7214,1,59,92,
13,4,463,,4160,0,17,89,
18,2,464,,930,1,166,1,
11,2,465,,179,1,101,59,
19,6,466,,804,0,33,80,
14,1,467,,3920,1,28,111,
23,1,468,,977,1,91,44,
11,2,469,,176,1,100,85,
8,1,470,,3002,0,31,37,
8,2,471,,322,1,151,3,
5,6,472,,101,0,100,84,
16,2,473,,714,1,131,88,
18,2,474,,920,0,122,90,
8,3,475,,9392,1,58,3,
6,5,476,,637,0,158,73,
18,1,477,,919,0,153,34,
18,1,478,,948,1,158,35,
8,5,479,,3001,0,7,37,
8,3,480,,322,1,151,3,
18,6,481,,8155,0,164,34,
16,7,482,,921,1,68,36,
16,5,483,,8192,0,195,5,
3,6,484,,355,1,147,26,
11,3,485,,187,1,113,115,
2,3,486,,3214,1,74,68,
23,1,487,,8331,0,94,130,
3,5,488,,359,1,,47,
13,4,489,,4371,1,34,61,
8,4,490,,3004,0,147,37,
6,2,491,,637,0,158,73,
21,4,492,,3956,1,23,121,
13,6,493,,4310,1,35,61,
18,5,494,,8154,1,156,1,
5,6,495,,105,0,108,109,
4,5,496,,817,1,153,86,
3,2,497,,319,0,23,87,
16,5,498,,715,1,180,144,
19,5,499,,906,0,78,136,
16,5,500,,717,1,29,88,
2,4,501,,3101,0,27,67,
23,3,502,,866,1,40,13,
11,4,503,,195,1,114,94,
11,6,504,,158,0,118,8,
11,6,505,,233,1,112,59,
8,1,506,,313,0,20,29,
10,1,507,,53,1,164,70,
3,5,508,,384,1,137,26,
23,4,509,,843,0,42,12,
11,6,510,,176,1,100,85,
19,7,511,,1000,0,1,140,
18,2,512,,946,1,,65,
10,1,513,,8007,0,185,134,
8,2,514,,3008,0,152,29,
17,5,515,,834,0,181,20,
23,1,516,,970,1,183,9,
13,5,517,,4321,1,197,117,
1,2,518,,74,0,144,58,
13,2,519,,4242,0,34,54,
8,1,520,,320,1,58,3,
18,4,521,,952,1,154,16,
18,6,522,,945,1,170,1,
11,5,523,,171,0,113,7,
11,1,524,,233,1,112,59,
3,2,525,,348,0,125,78,
3,5,526,,307,0,121,78,
16,1,527,,701,0,138,23,
2,5,528,,3207,1,74,68,
23,1,529,,956,0,183,10,
18,4,530,,9451,1,32,56,
21,1,531,,3952,0,23,50,
18,1,532,,8156,1,164,35,
23,3,533,,844,0,42,10,
17,3,534,,830,0,182,20,
20,5,535,,3913,1,13,46,
6,5,536,,651,1,23,106,
11,1,537,,189,1,69,81,
11,2,538,,161,0,100,2,
12,6,539,,8195,0,195,6,
6,5,540,,648,1,23,38,
23,3,541,,959,0,93,22,
6,6,542,,799,1,23,42,
13,3,543,,4330,1,17,64,
18,3,544,,901,0,159,112,
8,5,545,,331,1,127,30,
19,7,546,,8188,0,32,27,
23,2,547,,847,0,8,12,
2,5,548,,3212,1,27,68,
23,6,549,,952,0,183,10,
19,3,550,,8222,0,1,32,
3,5,551,,382,1,116,48,
10,3,552,,8007,0,185,134,
13,4,553,,4242,0,34,54,
3,4,554,,349,0,1,78,
3,5,555,,390,1,141,139,
11,3,556,,234,1,104,59,
18,1,557,,924,0,163,34,
8,5,558,,312,0,98,29,
18,3,559,,944,1,153,35,
3,2,560,,388,1,146,79,
16,1,561,,9151,1,38,141,
11,5,562,,150,0,100,82,
13,3,563,,4310,1,35,61,
4,7,564,,941,1,67,86,
23,4,565,,978,1,93,13,
23,2,566,,978,1,93,13,
10,2,567,,55,0,140,69,
21,5,568,,3950,0,,50,
6,6,569,,642,0,23,107,
11,6,570,,199,1,107,60,
18,1,571,,930,1,166,1,
21,1,572,,3954,1,,51,
2,4,573,,3203,0,27,67,
18,6,574,,952,1,154,16,
11,3,575,,189,1,69,81,
11,2,576,,207,0,109,2,
11,7,577,,1501,0,18,49,
13,1,578,,4291,1,17,61,
7,1,579,,3617,1,23,143,
16,4,580,,707,0,,23,
18,2,581,,923,0,118,15,
3,1,582,,311,0,31,129,
10,5,583,,54,1,140,70,
3,5,584,,299,1,102,132,
3,6,585,,389,1,129,26,
8,4,586,,320,1,58,3,
3,5,587,,302,0,7,95,
19,2,588,,801,0,32,27,
21,6,589,,3951,0,23,50,
19,4,590,,809,1,1,39,
13,2,591,,4290,1,35,113,
3,4,592,,369,1,13,128,
8,5,593,,314,0,134,29,
8,5,594,,3017,0,127,37,
18,2,595,,945,1,121,1,
8,4,596,,3010,0,97,37,
6,1,597,,640,0,23,63,
2,2,598,,3214,1,74,68,
16,6,599,,907,0,11,120,
19,3,600,,806,1,1,39,
17,2,601,,840,1,181,19,
11,4,602,,234,1,104,59,
6,2,603,,648,1,23,38,
3,5,604,,312,0,7,96,
16,5,605,,9448,1,200,103,
11,2,606,,223,0,18,49,
21,3,607,,3952,0,23,50,
3,1,608,,392,1,122,40,
3,5,609,,355,1,147,26,
19,1,610,,8164,1,44,97,
11,2,611,,202,0,110,93,
3,3,612,,317,0,,52,
13,1,613,,423,0,35,14,
23,3,614,,971,1,183,9,
6,3,615,,801,1,23,42,
7,6,616,,3617,1,23,143,
11,1,617,,213,0,111,7,
3,4,618,,355,1,147,26,
13,4,619,,438,1,35,77,
18,6,620,,9451,1,32,56,
18,3,621,,947,1,23,41,
14,2,622,,3920,1,148,111,
6,3,623,,652,1,197,42,
11,5,624,,202,0,110,93,
13,5,625,,4401,1,17,61,
11,7,626,,1871,1,24,146,
3,6,627,,302,0,7,95,
13,4,628,,425,0,35,54,
3,3,629,,312,0,7,96,
6,4,630,,637,0,158,73,
3,3,631,,321,0,140,71,
23,5,632,,977,1,91,44,
7,2,633,,3617,1,73,143,
2,5,634,,3102,0,74,67,
11,3,635,,238,1,109,59,
18,5,636,,926,1,160,1,
20,1,637,,3911,0,13,45,
1,4,638,,74,0,144,58,
11,6,639,,228,1,110,94,
9,1,640,,353,0,169,138,
7,1,641,,3608,0,179,75,
2,4,642,,3102,0,74,67,
11,6,643,,194,1,106,94,
19,4,644,,800,0,92,27,
16,2,645,,701,0,138,23,
6,6,646,,645,1,23,42,
11,3,647,,176,1,100,85,
23,4,648,,839,0,183,12,
16,5,649,,702,0,201,23,
6,5,650,,801,1,23,42,
13,6,651,,438,1,35,77,
3,4,652,,348,0,125,78,
8,4,653,,9368,1,191,30,
1,1,654,,74,0,144,58,
13,5,655,,4291,1,17,61,
16,3,656,,9151,1,38,141,
23,5,657,,956,0,183,10,
13,4,658,,423,0,35,14,
11,1,659,,179,1,101,59,
7,3,660,,3511,0,31,75,
3,3,661,,301,0,145,71,
14,5,662,,3915,0,13,110,
3,3,663,,347,0,5,125,
8,6,664,,9366,1,193,3,
23,3,665,,841,0,93,12,
8,1,666,,3017,0,127,37,
8,6,667,,320,1,58,3,
18,6,668,,948,1,158,35,
8,2,669,,9351,1,115,3,
18,2,670,,9451,1,64,56,
23,1,671,,844,0,42,10,
18,5,672,,1102,0,,104,
11,1,673,,161,0,100,2,
11,6,674,,209,0,80,7,
13,1,675,,4170,0,35,54,
6,1,676,,801,1,23,42,
3,5,677,,392,1,122,40,
3,4,678,,388,1,146,79,
8,2,679,,3012,0,124,29,
19,1,680,,906,0,78,136,
20,5,681,,3911,0,13,45,
3,7,682,,297,1,49,26,
16,1,683,,702,0,201,23,
16,6,684,,715,1,180,144,
3,2,685,,390,1,141,139,
10,4,686,,53,1,164,70,
8,2,687,,3001,0,40,37,
8,3,688,,321,1,72,3,
22,3,689,,7214,1,59,92,
3,3,690,,350,0,115,71,
13,4,691,,4401,1,17,61,
18,3,692,,953,1,163,35,
18,7,693,,1146,1,66,35,
10,2,694,,54,1,140,70,
16,1,695,,718,1,22,88,
8,6,696,,3001,0,7,37,
3,3,697,,302,0,7,95,
11,6,698,,171,0,113,7,
11,6,699,,196,1,117,81,
11,4,700,,233,1,112,59,
11,5,701,,240,1,119,85,
6,3,702,,651,1,23,106,
21,6,703,,3954,1,,51,
18,7,704,,1124,0,59,34,
8,3,705,,3008,0,152,29,
16,6,706,,8192,0,195,5,
8,2,707,,321,1,72,3,
18,1,708,,918,0,165,90,
2,6,709,,3102,0,74,67,
6,1,710,,798,1,23,42,
11,3,711,,207,0,109,2,
11,3,712,,169,0,79,7,
13,1,713,,4120,0,35,89,
8,5,714,,3010,0,97,37,
3,6,715,,305,0,,123,
18,1,716,,901,0,22,112,
11,2,717,,234,1,22,59,
11,4,718,,213,0,111,7,
18,6,719,,908,0,167,90,
16,2,720,,718,1,28,88,
3,3,721,,391,1,23,31,
11,4,722,,194,1,106,94,
23,3,723,,846,0,120,116,
21,2,724,,3950,0,,50,
18,3,725,,930,1,166,1,
6,3,726,,645,1,23,42,
8,6,727,,3017,0,127,37,
3,5,728,,365,1,139,40,
13,3,729,,4351,1,30,142,
8,6,730,,9368,1,191,30,
22,5,731,,7214,1,59,92,
5,4,732,,107,1,113,83,
8,4,733,,9392,1,58,3,
19,6,734,,8222,0,1,32,
16,6,735,,718,1,22,88,
3,6,736,,382,1,116,48,
19,3,737,,801,0,76,27,
16,3,738,,702,0,201,23,
6,5,739,,798,1,23,42,
18,1,740,,908,0,167,90,
3,5,741,,288,1,144,40,
13,2,742,,4351,1,30,142,
8,5,743,,302,0,58,37,
16,7,744,,909,0,1,148,
3,5,745,,380,1,140,26,
14,5,746,,3917,0,28,110,
17,4,747,,839,1,181,17,
18,1,748,,8154,1,156,1,
13,4,749,,4181,0,17,54,
11,5,750,,216,0,115,49,
3,4,751,,384,1,137,26,
16,3,752,,9201,1,196,21,
21,4,753,,3955,1,23,121,
23,2,754,,957,0,183,12,
13,2,755,,4221,0,35,14,
11,7,756,,1971,1,20,146,
2,4,757,,3206,0,174,67,
6,4,758,,642,0,23,107,
23,5,759,,952,0,183,10,
3,3,760,,387,1,126,79,
11,1,761,,169,0,79,7,
13,3,762,,423,0,35,14,
18,1,763,,903,0,169,137,
3,2,764,,367,1,116,40,
15,4,765,,3300,0,5,126,
20,2,766,,3910,0,,45,
8,2,767,,9392,1,58,3,
13,4,768,,4310,1,35,61,
5,4,769,,101,0,100,84,
23,1,770,,839,0,183,12,
3,5,771,,304,0,59,91,
3,3,772,,384,1,137,26,
3,1,773,,317,0,,52,
18,5,774,,8153,0,155,90,
3,3,775,,388,1,146,79,
11,5,776,,194,1,106,94,
3,5,777,,367,1,132,40,
19,3,778,,921,0,168,28,
10,1,779,,54,1,140,70,
12,6,780,,8621,0,118,66,
8,5,781,,3007,0,192,37,
8,6,782,,3002,0,31,37,
19,6,783,,800,0,92,27,
18,2,784,,919,0,136,34,
11,4,785,,207,0,109,2,
11,4,786,,228,1,110,94,
2,1,787,,3206,0,174,67,
20,4,788,,3913,1,13,46,
4,1,789,,815,0,24,33,
4,3,790,,815,0,1,33,
19,4,791,,808,1,12,99,
7,4,792,,3617,1,23,143,
3,6,793,,365,1,139,40,
19,6,794,,906,0,78,136,
18,1,795,,944,1,153,35,
11,7,796,,1732,0,22,49,
14,3,797,,3918,1,13,111,
6,2,798,,647,1,68,38,
11,5,799,,228,1,110,94,
18,6,800,,934,1,168,1,
11,4,801,,223,0,116,49,
23,6,802,,970,1,183,9,
18,5,803,,8156,1,164,35,
21,5,804,,3956,1,23,121,
19,6,805,,805,0,90,27,
23,6,806,,971,1,183,9,
21,5,807,,3954,1,,51,
13,1,808,,4351,1,30,142,
19,4,809,,801,0,76,27,
3,4,810,,302,0,7,95,
11,5,811,,196,1,117,81,
23,3,812,,867,1,120,13,
11,1,813,,234,1,104,59,
8,4,814,,9355,1,128,3,
23,5,815,,866,1,40,13,
13,2,816,,4310,1,35,61,
16,1,817,,714,1,131,88,
21,3,818,,3951,0,23,50,
6,3,819,,638,0,23,62,
16,6,820,,702,0,201,23,
3,2,821,,347,0,5,125,
2,2,822,,3202,0,74,67,
3,1,823,,389,1,129,26,
2,2,824,,3203,0,7,67,
13,3,825,,4321,1,197,117,
23,6,826,,956,0,183,10,
3,6,827,,359,1,,47,
11,2,828,,199,1,107,60,
21,2,829,,3954,1,,51,
3,4,830,,300,0,179,76,
18,4,831,,950,1,162,16,
13,6,832,,437,1,17,55,
21,4,833,,3951,0,23,50,
18,2,834,,926,1,132,1,
13,6,835,,4242,0,34,54,
5,4,836,,103,0,113,84,
8,3,837,,314,0,134,29,
23,4,838,,952,0,183,10,
11,4,839,,189,1,69,81,
10,3,840,,55,0,140,69,
8,1,841,,321,1,72,3,
19,5,842,,808,1,12,99,
3,1,843,,321,0,140,71,
3,6,844,,388,1,146,79,
23,5,845,,974,1,183,11,
4,4,846,,822,1,11,122,
3,2,847,,349,0,1,78,
8,6,848,,330,1,135,3,
21,3,849,,3955,1,23,121,
13,3,850,,4291,1,17,61,
13,5,851,,438,1,35,77,
13,2,852,,4421,1,17,55,
21,1,853,,3956,1,23,121,
16,4,854,,701,0,138,23,
11,5,855,,179,1,101,59,
8,2,856,,332,1,127,30,
8,3,857,,331,1,127,30,
12,1,858,,8195,0,195,6,
19,4,859,,806,1,1,39,
19,1,860,,804,0,33,80,
13,2,861,,4372,1,34,61,
18,5,862,,918,0,165,90,
23,1,863,,847,0,120,12,
23,2,864,,959,0,93,22,
18,3,865,,920,0,157,90,
14,4,866,,3922,0,23,110,
15,3,867,,3300,0,5,126,
13,3,868,,4290,1,35,113,
11,1,869,,171,0,113,7,
23,6,870,,839,0,183,12,
11,3,871,,240,1,119,85,
8,3,872,,312,0,98,29,
23,6,873,,846,0,120,116,
18,6,874,,947,1,23,41,
8,5,875,,9368,1,191,30,
11,1,876,,240,1,119,85,
23,1,877,,857,1,8,24,
3,4,878,,321,0,140,71,
19,1,879,,806,1,1,39,
3,4,880,,386,1,179,74,
23,1,881,,841,0,93,12,
13,1,882,,438,1,35,77,
16,3,883,,9448,1,200,103,
10,3,884,,53,1,164,70,
13,6,885,,4181,0,17,54,
18,1,886,,926,1,142,1,
18,6,887,,944,1,153,35,
3,6,888,,369,1,13,128,
3,3,889,,316,0,96,78,
14,4,890,,3921,1,23,111,
6,4,891,,643,0,11,63,
11,6,892,,161,0,100,2,
19,1,893,,805,0,90,27,
13,3,894,,4372,1,34,61,
16,2,895,,700,0,178,23,
17,6,896,,625,0,176,20,
11,2,897,,218,0,16,49,
14,4,898,,3918,1,13,111,
14,1,899,,3922,0,23,110,
8,1,900,,3001,0,7,37,
3,2,901,,391,1,23,31,
6,2,902,,652,1,160,42,
23,6,903,,974,1,183,11,
16,6,904,,9201,1,196,21,
16,4,905,,9151,1,38,141,
3,5,906,,369,1,13,128,
4,4,907,,816,1,142,86,
11,3,908,,205,0,77,145,
4,6,909,,813,0,143,118,
16,1,910,,8192,0,195,5,
3,1,911,,350,0,115,71,
16,3,912,,701,0,138,23,
10,3,913,,55,0,164,69,
19,6,914,,810,1,1,39,
11,4,915,,169,0,79,7,
23,5,916,,841,0,93,12,
19,2,917,,809,1,1,39,
13,1,918,,4242,0,34,54,
11,2,919,,196,1,19,81,
3,2,920,,385,1,,74,
1,5,921,,74,0,144,58,
3,1,922,,319,0,23,87,
8,1,923,,9368,1,191,30,
11,5,924,,213,0,111,7,
13,4,925,,4221,0,35,14,
17,5,926,,830,0,182,20,
3,1,927,,349,0,1,78,
3,3,928,,389,1,129,26,
3,3,929,,369,1,13,128,
3,1,930,,384,1,137,26,
23,6,931,,862,1,95,101,
18,6,932,,946,1,161,65,
3,4,933,,359,1,,47,
8,2,934,,331,1,127,30,
18,7,935,,1119,0,66,34,
16,4,936,,907,0,11,120,
3,6,937,,313,0,198,98,
8,4,938,,3007,0,192,37,
5,5,939,,106,1,100,83,
4,5,940,,813,0,143,118,
3,3,941,,320,0,13,52,
13,4,942,,4180,0,36,54,
3,7,943,,223,0,70,71,
14,2,944,,3915,0,13,110,
13,5,945,,4180,0,36,54,
5,5,946,,108,1,108,108,
14,1,947,,3921,1,23,111,
11,1,948,,164,0,113,114,
2,3,949,,3206,0,174,67,
23,3,950,,970,1,183,9,
11,6,951,,216,0,115,49,
14,2,952,,3917,0,148,110,
18,4,953,,919,0,153,34,
6,6,954,,638,0,23,62,
19,5,955,,922,0,43,72,
18,3,956,,934,1,168,1,
11,2,957,,171,0,113,7,
11,6,958,,187,1,113,115,
8,2,959,,313,0,20,29,
3,3,960,,367,1,132,40,
13,1,961,,4290,1,35,113,
5,3,962,,103,0,113,84,
18,2,963,,8155,0,164,34,
23,1,964,,862,1,95,101,
10,6,965,,54,1,140,70,
2,2,966,,3212,1,7,68,
6,1,967,,645,1,23,42,
11,5,968,,161,0,100,2,
9,6,969,,353,0,169,138,
13,6,970,,4341,1,17,55,
21,5,971,,3951,0,23,50,
6,4,972,,799,1,23,42,
3,2,973,,312,0,40,96,
11,6,974,,150,0,100,82,
13,3,975,,4160,0,17,89,
13,5,976,,4211,0,30,54,
13,3,977,,4242,0,34,54,
3,3,978,,313,0,198,98,
3,4,979,,387,1,126,79,
23,6,980,,844,0,42,10,
23,6,981,,950,0,183,10,
23,2,982,,866,1,8,13,
23,3,983,,8331,0,94,130,
11,4,984,,199,1,107,60,
6,1,985,,638,0,23,62,
23,3,986,,957,0,183,12,
23,4,987,,841,0,93,12,
20,6,988,,3912,1,,46,
23,4,989,,847,0,120,12,
13,6,990,,4351,1,30,142,
2,6,991,,3213,1,174,68,
3,4,992,,389,1,129,26,
13,2,993,,4181,0,17,54,
4,7,994,,935,1,46,86,
10,5,995,,8007,0,185,134,
6,1,996,,642,0,23,107,
16,4,997,,702,0,201,23,
8,6,998,,302,0,58,37,
18,1,999,,952,1,154,16,
11,3,1000,,171,0,113,7,
2,4,1001,,3201,0,74,67,
2,6,1002,,3207,1,74,68,
3,5,1003,,316,0,96,78,
11,3,1004,,228,1,110,94,
11,2,1005,,228,1,110,94,
17,5,1006,,631,1,138,131,
13,4,1007,,4211,0,30,54,
8,5,1008,,313,0,20,29,
14,5,1009,,3922,0,23,110,
16,6,1010,,700,0,178,23,
8,4,1011,,305,0,99,29,
3,5,1012,,388,1,146,79,
4,2,1013,,811,0,142,118,
6,3,1014,,799,1,23,42,
8,2,1015,,3002,0,40,37,
3,4,1016,,320,0,13,52,
13,3,1017,,4241,0,34,54,
11,4,1018,,209,0,80,7,
13,6,1019,,425,0,35,54,
23,4,1020,,858,1,42,13,
11,5,1021,,197,1,108,85,
23,6,1022,,957,0,183,12,
23,6,1023,,863,1,42,9,
2,1,1024,,3203,0,27,67,
14,5,1025,,3918,1,13,111,
11,6,1026,,207,0,109,2,
11,3,1027,,174,0,106,7,
3,2,1028,,365,1,139,40,
5,5,1029,,103,0,113,84,
3,6,1030,,380,1,140,26,
16,5,1031,,907,0,11,120,
3,4,1032,,372,1,123,40,
8,5,1033,,3004,0,147,37,
19,4,1034,,922,0,43,72,
11,1,1035,,158,0,118,8,
18,5,1036,,903,0,169,137,
17,6,1037,,830,0,182,20,
4,3,1038,,811,0,142,118,
8,4,1039,,9366,1,193,3,
8,6,1040,,9355,1,128,3,
16,7,1041,,901,0,1,148,
8,5,1042,,320,1,58,3,
3,6,1043,,345,0,136,105,
19,6,1044,,803,0,40,80,
4,2,1045,,822,1,66,122,
13,1,1046,,437,1,17,55,
6,5,1047,,640,0,23,63,
23,2,1048,,956,0,183,10,
8,1,1049,,9351,1,115,3,
16,6,1050,,9151,1,38,141,
16,4,1051,,715,1,180,144,
18,5,1052,,945,1,170,1,
16,7,1053,,903,0,1,148,
23,3,1054,,956,0,183,10,
11,1,1055,,223,0,116,49,
12,4,1056,,8621,0,118,66,
3,1,1057,,316,0,96,78,
19,1,1058,,800,0,92,27,
18,2,1059,,944,1,136,35,
16,4,1060,,718,1,22,88,
17,2,1061,,625,0,176,20,
12,2,1062,,8195,0,86,6,
21,6,1063,,3956,1,23,121,
18,3,1064,,9451,1,32,56,
17,6,1065,,831,0,181,18,
2,5,1066,,3202,0,74,67,
8,2,1067,,9368,1,163,30,
10,5,1068,,53,1,164,70,
17,3,1069,,839,1,181,17,
18,5,1070,,953,1,163,35,
18,5,1071,,934,1,168,1,
18,4,1072,,8156,1,164,35,
16,5,1073,,7141,1,195,4,
18,5,1074,,901,0,159,112,
23,6,1075,,8331,0,94,130,
3,3,1076,,304,0,59,91,
16,5,1077,,707,0,,23,
19,6,1078,,921,0,168,28,
23,1,1079,,845,0,40,10,
19,3,1080,,800,0,92,27,
8,4,1081,,332,1,127,30,
18,1,1082,,946,1,31,65,
11,5,1083,,209,0,80,7,
13,5,1084,,4330,1,17,64,
16,4,1085,,9448,1,200,103,
18,6,1086,,924,0,163,34,
23,5,1087,,862,1,95,101,
11,6,1088,,205,0,77,145,
8,4,1089,,9354,1,194,3,
3,4,1090,,317,0,,52,
23,6,1091,,845,0,40,10,
23,3,1092,,974,1,183,11,
16,1,1093,,907,0,11,120,
23,6,1094,,975,1,183,13,
21,6,1095,,3950,0,,50,
13,6,1096,,4180,0,36,54,
18,6,1097,,919,0,153,34,
19,7,1098,,8186,1,1,39,
19,5,1099,,810,1,1,39,
23,4,1100,,9710,1,183,9,
4,5,1101,,815,0,1,33,
2,3,1102,,3101,0,27,67,
3,3,1103,,311,0,31,129,
5,3,1104,,106,1,100,83,
11,4,1105,,171,0,113,7,
23,1,1106,,952,0,183,10,
18,6,1107,,953,1,163,35,
18,5,1108,,948,1,158,35,
21,6,1109,,3952,0,23,50,
11,3,1110,,195,1,114,94,
3,7,1111,,287,1,70,26,
6,5,1112,,642,0,23,107,
23,1,1113,,950,0,183,10,
18,3,1114,,950,1,162,16,
4,3,1115,,816,1,142,86,
2,2,1116,,3100,1,7,68,
3,4,1117,,319,0,23,87,
23,2,1118,,9710,1,183,9,
3,4,1119,,382,1,116,48,
3,1,1120,,386,1,179,74,
3,2,1121,,311,0,61,129,
5,1,1122,,106,1,100,83,
13,5,1123,,4372,1,34,61,
13,2,1124,,4190,0,17,54,
4,6,1125,,815,0,1,33,
7,4,1126,,3608,0,179,75,
16,4,1127,,717,1,29,88,
6,6,1128,,801,1,23,42,
18,3,1129,,926,1,160,1,
3,4,1130,,392,1,122,40,
3,5,1131,,311,0,31,129,
3,5,1132,,320,0,13,52,
3,2,1133,,316,0,96,78,
8,2,1134,,9355,1,128,3,
8,1,1135,,305,0,99,29,
19,2,1136,,805,0,90,27,
3,6,1137,,307,0,121,78,
5,6,1138,,103,0,113,84,
5,2,1139,,106,1,100,83,
19,4,1140,,804,0,33,80,
4,7,1141,,932,0,47,118,
17,3,1142,,831,0,181,18,
4,6,1143,,821,1,186,43,
10,7,1144,,58,1,70,70,
12,5,1145,,8195,0,195,6,
11,3,1146,,158,0,118,8,
18,3,1147,,8154,1,156,1,
7,3,1148,,3617,1,23,143,
10,4,1149,,8007,0,185,134,
3,3,1150,,386,1,179,74,
8,1,1151,,3010,0,97,37,
19,5,1152,,800,0,92,27,
4,3,1153,,813,0,143,118,
19,3,1154,,810,1,1,39,
23,1,1155,,975,1,183,13,
16,4,1156,,7141,1,195,4,
14,6,1157,,3920,1,28,111,
23,5,1158,,843,0,42,12,
13,5,1159,,4221,0,35,14,
17,6,1160,,840,1,181,19,
17,4,1161,,836,1,182,17,
3,5,1162,,347,0,5,125,
19,3,1163,,809,1,1,39,
19,4,1164,,8222,0,1,32,
11,7,1165,,1551,0,21,135,
4,3,1166,,326,0,185,133,
23,5,1167,,864,1,42,9,
3,7,1168,,256,1,50,26,
5,6,1169,,108,1,108,108,
3,1,1170,,372,1,123,40,
3,3,1171,,345,0,136,105,
11,1,1172,,216,0,115,49,
8,3,1173,,302,0,58,37,
23,3,1174,,864,1,42,9,
2,4,1175,,3207,1,74,68,
19,1,1176,,809,1,1,39,
16,7,1177,,920,1,7,36,
8,4,1178,,312,0,98,29,
10,7,1179,,57,0,70,69,
2,5,1180,,3201,0,74,67,
5,2,1181,,107,1,113,83,
18,2,1182,,952,1,118,16,
5,2,1183,,103,0,113,84,
8,6,1184,,3012,0,124,29,
13,4,1185,,4351,1,30,142,
2,3,1186,,3212,1,27,68,
8,3,1187,,3017,0,127,37,
3,2,1188,,321,0,140,71,
7,6,1189,,3511,0,31,75,
16,3,1190,,7141,1,195,4,
13,5,1191,,4181,0,17,54,
12,1,1192,,8621,0,118,66,
11,5,1193,,158,0,118,8,
14,4,1194,,3920,1,28,111,
2,6,1195,,3214,1,74,68,
16,2,1196,,9203,1,24,21,
6,2,1197,,643,0,68,63,
4,5,1198,,816,1,142,86,
13,5,1199,,4290,1,35,113,
16,3,1200,,714,1,131,88,
6,6,1201,,643,0,11,63,
16,4,1202,,9201,1,196,21,
8,3,1203,,305,0,99,29,
23,4,1204,,846,0,120,116,
6,3,1205,,643,0,11,63,
18,4,1206,,945,1,170,1,
13,4,1207,,4373,1,35,55,
2,3,1208,,3100,1,27,68,
23,4,1209,,864,1,42,9,
13,1,1210,,4241,0,34,54,
6,3,1211,,637,0,158,73,
14,6,1212,,3918,1,13,111,
23,6,1213,,977,1,91,44,
8,3,1214,,3012,0,124,29,
3,2,1215,,380,1,140,26,
2,1,1216,,3213,1,174,68,
23,5,1217,,858,1,42,13,
11,7,1218,,1761,1,21,115,
11,5,1219,,234,1,104,59,
18,2,1220,,934,1,117,1,
23,3,1221,,950,0,183,10,
9,4,1222,,353,0,169,138,
11,3,1223,,213,0,111,7,
6,2,1224,,638,0,23,62,
3,1,1225,,305,0,,123,
5,4,1226,,105,0,108,109,
13,1,1227,,4221,0,35,14,
16,1,1228,,7141,1,195,4,
20,4,1229,,3910,0,,45,
18,4,1230,,903,0,169,137,
6,6,1231,,652,1,197,42,
11,7,1232,,1781,1,18,124,
11,6,1233,,214,0,70,7,
3,3,1234,,305,0,,123,
21,2,1235,,3951,0,73,50,
16,1,1236,,707,0,,23,
3,4,1237,,304,0,59,91,
23,6,1238,,843,0,42,12,
23,2,1239,,858,1,10,13,
13,6,1240,,4241,0,34,54,
8,5,1241,,326,1,98,30,
19,4,1242,,803,0,40,80,
3,5,1243,,349,0,1,78,
18,6,1244,,8156,1,164,35,
18,2,1245,,918,0,165,90,
4,1,1246,,326,0,185,133,
18,3,1247,,945,1,170,1,
23,3,1248,,977,1,91,44,
5,5,1249,,101,0,100,84,
23,2,1250,,857,1,10,24,
5,1,1251,,107,1,113,83,
3,1,1252,,304,0,59,91,
23,5,1253,,959,0,93,22,
13,5,1254,,4351,1,30,142,
23,1,1255,,959,0,93,22,
8,6,1256,,312,0,98,29,
3,3,1257,,365,1,139,40,
3,7,1258,,201,0,3,71,
8,6,1259,,3010,0,97,37,
13,3,1260,,4211,0,30,54,
6,4,1261,,651,1,23,106,
11,3,1262,,164,0,113,114,
17,1,1263,,834,0,181,20,
23,5,1264,,863,1,42,9,
13,4,1265,,4372,1,34,61,
18,7,1266,,1155,1,59,35,
18,4,1267,,948,1,158,35,
23,5,1268,,975,1,183,13,
8,5,1269,,332,1,127,30,
23,6,1270,,959,0,93,22,
17,5,1271,,625,0,176,20,
18,5,1272,,924,0,163,34,
6,3,1273,,648,1,23,38,
13,6,1274,,4321,1,197,117,
2,2,1275,,3207,1,74,68,
18,3,1276,,918,0,165,90,
3,5,1277,,317,0,,52,
23,6,1278,,867,1,120,13,
4,3,1279,,821,1,186,43,
13,3,1280,,4271,0,17,54,
2,4,1281,,3202,0,74,67,
13,2,1282,,4170,0,35,54,
17,1,1283,,831,0,181,18,
13,2,1284,,4371,1,34,61,
3,4,1285,,391,1,23,31,
8,2,1286,,330,1,135,3,
8,4,1287,,330,1,135,3,
10,4,1288,,55,0,164,69,
23,2,1289,,977,1,91,44,
6,4,1290,,647,1,190,38,
8,6,1291,,321,1,72,3,
5,2,1292,,101,0,100,84,
18,5,1293,,946,1,161,65,
3,2,1294,,392,1,25,40,
6,1,1295,,648,1,23,38,
11,3,1296,,233,1,112,59,
10,7,1297,,56,0,61,69,
11,1,1298,,238,1,109,59,
23,4,1299,,959,0,93,22,
3,6,1300,,299,1,102,132,
8,4,1301,,326,1,98,30,
23,2,1302,,844,0,10,10,
18,1,1303,,923,0,154,15,
11,5,1304,,214,0,70,7,
13,5,1305,,4310,1,35,61,
4,4,1306,,815,0,1,33,
18,3,1307,,952,1,154,16,
20,1,1308,,3910,0,,45,
21,4,1309,,3952,0,23,50,
19,3,1310,,8164,1,44,97,
14,6,1311,,3921,1,23,111,
6,3,1312,,642,0,23,107,
6,2,1313,,798,1,65,42,
2,4,1314,,3214,1,74,68,
3,3,1315,,372,1,123,40,
3,4,1316,,316,0,96,78,
13,6,1317,,4290,1,35,113,
23,6,1318,,864,1,42,9,
11,4,1319,,173,0,108,82,
2,1,1320,,3201,0,74,67,
11,3,1321,,179,1,101,59,
11,6,1322,,197,1,108,85,
4,1,1323,,817,1,153,86,
18,1,1324,,920,0,157,90,
8,5,1325,,330,1,135,3,
17,1,1326,,830,0,182,20,
20,2,1327,,3913,1,13,46,
13,1,1328,,4190,0,17,54,
8,2,1329,,9366,1,193,3,
8,5,1330,,321,1,72,3,
8,1,1331,,3016,0,126,37,
3,1,1332,,367,1,132,40,
13,3,1333,,4190,0,17,54,
8,1,1334,,326,1,98,30,
6,1,1335,,647,1,190,38,
8,1,1336,,322,1,151,3,
17,6,1337,,834,0,181,20,
3,3,1338,,349,0,1,78,
11,5,1339,,176,1,100,85,
14,3,1340,,3915,0,13,110,
3,6,1341,,372,1,123,40,
11,6,1342,,189,1,69,81,
7,5,1343,,3608,0,179,75,
11,7,1344,,1731,0,20,147,
11,4,1345,,240,1,119,85,
13,3,1346,,4170,0,35,54,
8,2,1347,,312,0,98,29,
11,4,1348,,161,0,100,2,
18,2,1349,,8154,1,120,1,
11,4,1350,,197,1,108,85,
18,3,1351,,919,0,153,34,
3,6,1352,,288,1,144,40,
8,5,1353,,9355,1,128,3,
19,4,1354,,810,1,1,39,
4,1,1355,,822,1,11,122,
5,3,1356,,108,1,108,108,
3,5,1357,,372,1,123,40,
11,2,1358,,189,1,69,81,
23,1,1359,,846,0,120,116,
3,4,1360,,311,0,31,129,
13,2,1361,,421,0,17,14,
18,4,1362,,8155,0,164,34,
14,1,1363,,3918,1,13,111,
11,1,1364,,209,0,80,7,
4,7,1365,,934,0,48,118,
8,2,1366,,3010,0,97,37,
19,7,1367,,1017,1,1,39,
11,2,1368,,209,0,33,7,
11,2,1369,,173,0,6,82,
11,1,1370,,178,1,206,124,
17,4,1371,,831,0,181,18,
13,2,1372,,4330,1,17,64,
8,4,1373,,313,0,20,29,
18,5,1374,,944,1,153,35,
16,4,1375,,714,1,131,88,
13,5,1376,,4190,0,17,54,
13,3,1377,,4401,1,17,61,
3,2,1378,,359,1,,47,
6,4,1379,,640,0,23,63,
10,1,1380,,55,0,164,69,
13,6,1381,,421,0,17,14,
2,5,1382,,3100,1,27,68,
18,4,1383,,8154,1,156,1,
20,1,1384,,3913,1,13,46,
13,1,1385,,4421,1,17,55,
8,3,1386,,3002,0,31,37,
23,6,1387,,857,1,8,24,
11,4,1388,,174,0,106,7,
11,7,1389,,1641,0,24,82,
3,4,1390,,385,1,22,102,
8,2,1391,,314,0,134,29,
13,4,1392,,4341,1,17,55,
11,2,1393,,174,0,106,7,
23,6,1394,,978,1,93,13,
11,4,1395,,214,0,70,7,
11,4,1396,,150,0,100,82,
13,6,1397,,4371,1,34,61,
18,7,1398,,1125,1,61,35,
11,4,1399,,158,0,118,8,
5,1,1400,,105,0,108,109,
19,1,1401,,810,1,1,39,
5,1,1402,,103,0,113,84,
3,6,1403,,317,0,,52,
11,5,1404,,163,0,206,149,
6,5,1405,,647,1,190,38,
13,5,1406,,4241,0,34,54,
6,5,1407,,638,0,23,62,
18,1,1408,,8155,0,164,34,
3,6,1409,,311,0,31,129,
16,2,1410,,8192,0,86,5,
13,3,1411,,4373,1,35,55,
11,1,1412,,228,1,110,94,
20,1,1413,,3912,1,,46,
23,2,1414,,974,1,183,11,
23,3,1415,,857,1,8,24,
21,2,1416,,3955,1,73,121,
6,6,1417,,640,0,23,63,
6,5,1418,,652,1,197,42,
3,5,1419,,301,0,145,71,
11,6,1420,,202,0,110,93,
2,6,1421,,3201,0,74,67,
8,3,1422,,9354,1,194,3,
18,6,1423,,8154,1,156,1,
3,3,1424,,330,0,144,57,
4,4,1425,,811,0,142,118,
8,3,1426,,9368,1,191,30,
3,1,1427,,288,1,144,40,
3,5,1428,,364,1,,53,
13,6,1429,,4120,0,35,89,
8,6,1430,,3007,0,192,37,
19,1,1431,,808,1,12,99,
2,5,1432,,3214,1,74,68,
13,1,1433,,4371,1,34,61,
13,4,1434,,4291,1,17,61,
6,4,1435,,648,1,23,38,
11,1,1436,,173,0,108,82,
4,5,1437,,811,0,142,118,
17,4,1438,,834,0,181,20,
11,3,1439,,202,0,110,93,
5,3,1440,,107,1,113,83,
23,4,1441,,971,1,183,9,
3,4,1442,,347,0,5,125,
13,1,1443,,4160,0,17,89,
20,3,1444,,3912,1,,46,
18,1,1445,,953,1,163,35,
8,1,1446,,330,1,135,3,
3,5,1447,,389,1,129,26,
13,3,1448,,437,1,17,55,
13,1,1449,,4401,1,17,61,
18,2,1450,,908,0,11,90,
16,1,1451,,700,0,178,23,
13,4,1452,,4190,0,17,54,
17,5,1453,,836,1,182,17,
18,1,1454,,947,1,23,41,
20,3,1455,,3911,0,13,45,
13,6,1456,,4373,1,35,55,
10,6,1457,,55,0,164,69,
23,5,1458,,970,1,183,9,
11,5,1459,,223,0,116,49,
3,5,1460,,386,1,179,74,
8,6,1461,,322,1,151,3,
13,3,1462,,4341,1,17,55,
4,4,1463,,326,0,185,133,
14,1,1464,,3917,0,28,110,
11,4,1465,,178,1,206,124,
3,4,1466,,299,1,102,132,
8,5,1467,,3016,0,126,37,
11,5,1468,,164,0,113,114,
11,4,1469,,238,1,109,59,
23,3,1470,,839,0,183,12,
13,4,1471,,4170,0,35,54,
4,2,1472,,815,0,65,33,
13,2,1473,,4341,1,17,55,
18,1,1474,,945,1,170,1,
13,1,1475,,4271,0,17,54,
11,1,1476,,214,0,70,7,
11,3,1477,,214,0,70,7,
2,5,1478,,3206,0,174,67,
18,5,1479,,920,0,157,90,
3,2,1480,,369,1,13,128,
15,1,1481,,3300,0,5,126,
3,3,1482,,380,1,140,26,
2,5,1483,,3213,1,174,68,
3,5,1484,,385,1,22,102,
3,1,1485,,347,0,5,125,
6,6,1486,,651,1,23,106,
23,3,1487,,858,1,42,13,
11,3,1488,,161,0,100,2,
23,1,1489,,863,1,42,9,
3,5,1490,,350,0,115,71,
13,1,1491,,4211,0,30,54,
13,2,1492,,4160,0,17,89,
10,6,1493,,8007,0,185,134,
16,5,1494,,9201,1,196,21,
8,4,1495,,321,1,72,3,
18,6,1496,,950,1,162,16,
8,6,1497,,332,1,127,30,
13,4,1498,,4290,1,35,113,
16,6,1499,,707,0,,23,
18,1,1500,,8153,0,155,90,
17,1,1501,,840,1,181,19,
19,4,1502,,8164,1,44,97,
8,2,1503,,3017,0,127,37,
13,6,1504,,4190,0,17,54,
16,5,1505,,714,1,131,88,
3,2,1506,,355,1,147,26,
23,2,1507,,970,1,183,9,
3,4,1508,,345,0,136,105,
23,2,1509,,975,1,183,13,
17,2,1510,,839,1,181,17,
20,6,1511,,3911,0,13,45,
16,1,1512,,9204,1,16,21,
12,5,1513,,8621,0,118,66,
3,6,1514,,350,0,115,71,
11,3,1515,,173,0,108,82,
14,2,1516,,3922,0,23,110,
18,3,1517,,8153,0,155,90,
23,2,1518,,863,1,10,9,
11,2,1519,,169,0,79,7,
2,6,1520,,3212,1,27,68,
23,4,1521,,844,0,42,10,
16,4,1522,,700,0,178,23,
3,1,1523,,307,0,121,78,
12,4,1524,,8195,0,195,6,
7,5,1525,,3511,0,31,75,
4,2,1526,,816,1,142,86,
13,5,1527,,423,0,35,14,
16,5,1528,,718,1,22,88,
3,1,1529,,313,0,198,98,
3,6,1530,,390,1,141,139,
11,4,1531,,196,1,117,81,
6,3,1532,,647,1,190,38,
4,1,1533,,813,0,143,118,
12,3,1534,,8195,0,195,6,
11,4,1535,,202,0,110,93,
8,2,1536,,3004,0,147,37,
6,4,1537,,638,0,23,62,
3,3,1538,,392,1,122,40,
16,6,1539,,717,1,29,88,
10,5,1540,,55,0,164,69,
11,2,1541,,233,1,112,59,
5,4,1542,,106,1,100,83,
5,3,1543,,101,0,100,84,
19,3,1544,,906,0,78,136,
13,1,1545,,4373,1,35,55,
13,1,1546,,4330,1,17,64,
13,5,1547,,4341,1,17,55,
3,1,1548,,320,0,13,52,
17,4,1549,,625,0,176,20,
20,2,1550,,3911,0,13,45,
3,2,1551,,330,0,144,57,
14,6,1552,,3915,0,13,110,
18,3,1553,,946,1,161,65,
18,1,1554,,9451,1,32,56,
5,2,1555,,108,1,6,108,
11,1,1556,,194,1,106,94,
3,6,1557,,321,0,140,71,
23,4,1558,,863,1,42,9,
21,6,1559,,3955,1,23,121,
3,6,1560,,364,1,,53,
7,5,1561,,3617,1,23,143,
23,1,1562,,974,1,183,11,
23,5,1563,,8331,0,94,130,
3,1,1564,,355,1,147,26,
13,2,1565,,438,1,35,77,
18,6,1566,,1102,0,,104,
3,5,1567,,391,1,23,31,
23,4,1568,,857,1,8,24,
13,2,1569,,437,1,17,55,
18,5,1570,,952,1,154,16,
18,5,1571,,8155,0,164,34,
18,4,1572,,908,0,167,90,
18,2,1573,,953,1,131,35,
16,6,1574,,7141,1,195,4,
17,4,1575,,830,0,182,20,
16,3,1576,,715,1,180,144,
11,1,1577,,205,0,77,145,
8,2,1578,,305,0,99,29,
19,6,1579,,922,0,43,72,
16,1,1580,,9448,1,200,103,
23,2,1581,,843,0,10,12,
8,1,1582,,9392,1,58,3,
4,2,1583,,813,0,143,118,
13,5,1584,,4271,0,17,54,
18,3,1585,,903,0,169,137,
19,4,1586,,906,0,78,136,
3,4,1587,,380,1,140,26,
18,3,1588,,923,0,154,15,
8,5,1589,,3012,0,124,29,
11,5,1590,,169,0,79,7,
23,4,1591,,956,0,183,10,
23,6,1592,,866,1,40,13,
4,6,1593,,811,0,142,118,
17,6,1594,,839,1,181,17,
18,4,1595,,923,0,154,15,
5,5,1596,,107,1,113,83,
23,3,1597,,863,1,42,9,
8,4,1598,,302,0,58,37,
13,5,1599,,425,0,35,54,
13,1,1600,,4181,0,17,54,
4,4,1601,,821,1,186,43,
13,1,1602,,421,0,17,14,
2,1,1603,,3100,1,27,68,
18,3,1604,,8155,0,164,34,
11,3,1605,,197,1,108,85,
3,4,1606,,307,0,121,78,
3,1,1607,,380,1,140,26,
20,5,1608,,3910,0,,45,
23,2,1609,,864,1,10,9,
13,6,1610,,4291,1,17,61,
6,1,1611,,637,0,158,73,
8,5,1612,,9392,1,58,3,
18,3,1613,,8156,1,164,35,
11,6,1614,,169,0,79,7,
8,3,1615,,320,1,58,3,
4,1,1616,,821,1,186,43,
8,3,1617,,313,0,20,29,
11,5,1618,,178,1,206,124,
8,5,1619,,9366,1,193,3,
23,5,1620,,839,0,183,12,
2,2,1621,,3213,1,4,68,
1,6,1622,,74,0,144,58,
3,1,1623,,365,1,139,40,
23,4,1624,,845,0,40,10,
17,2,1625,,834,0,181,20,
11,3,1626,,223,0,116,49,
10,6,1627,,55,0,140,69,
20,4,1628,,3911,0,13,45,
8,3,1629,,332,1,127,30,
3,2,1630,,288,1,144,40,
11,1,1631,,202,0,110,93,
11,6,1632,,213,0,111,7,
3,1,1633,,385,1,22,102,
5,1,1634,,108,1,108,108,
23,2,1635,,841,0,93,12,
8,6,1636,,305,0,99,29,
6,2,1637,,642,0,23,107,
8,1,1638,,3008,0,152,29,
3,3,1639,,359,1,,47,
8,2,1640,,3016,0,126,37,
14,2,1641,,3921,1,23,111,
23,1,1642,,957,0,183,12,
3,1,1643,,388,1,146,79,
17,3,1644,,625,0,176,20,
19,6,1645,,809,1,1,39,
19,5,1646,,806,1,1,39,
23,6,1647,,858,1,42,13,
6,6,1648,,637,0,158,73,
18,5,1649,,947,1,23,41,
8,4,1650,,3001,0,7,37,
13,2,1651,,4321,1,160,117,
3,4,1652,,330,0,144,57,
23,4,1653,,8331,0,94,130,
23,4,1654,,977,1,91,44,
3,2,1655,,320,0,13,52,
3,6,1656,,386,1,179,74,
23,3,1657,,978,1,93,13,
18,3,1658,,908,0,167,90,
14,6,1659,,3922,0,23,110,
23,5,1660,,957,0,183,12,
18,6,1661,,926,1,160,1,
14,5,1662,,3920,1,28,111,
13,2,1663,,4271,0,17,54,
3,6,1664,,300,0,179,76,
17,1,1665,,836,1,182,17,
20,5,1666,,3912,1,,46,
2,1,1667,,3207,1,74,68,
21,1,1668,,3955,1,23,121,
16,3,1669,,8192,0,195,5,
10,3,1670,,54,1,140,70,
3,4,1671,,288,1,144,40,
4,6,1672,,816,1,142,86,
3,4,1673,,367,1,132,40,
19,3,1674,,804,0,33,80,
10,6,1675,,53,1,164,70,
11,1,1676,,199,1,107,60,
18,4,1677,,926,1,160,1,
16,4,1678,,8192,0,195,5,
17,2,1679,,831,0,181,18,
2,6,1680,,3101,0,27,67,
3,2,1681,,364,1,,53,
13,6,1682,,4221,0,35,14,
4,7,1683,,936,1,47,86,
5,6,1684,,106,1,100,83,
17,1,1685,,839,1,181,17,
8,5,1686,,3002,0,31,37,
23,3,1687,,845,0,40,10,
11,1,1688,,195,1,114,94,
6,5,1689,,645,1,23,42,
2,2,1690,,3101,0,7,67,
8,3,1691,,326,1,98,30,
3,7,1692,,253,0,25,71,
14,3,1693,,3922,0,23,110,
11,2,1694,,187,1,113,115,
8,2,1695,,320,1,58,3,
11,4,1696,,187,1,113,115,
8,6,1697,,326,1,98,30,
19,4,1698,,921,0,168,28,
13,1,1699,,4180,0,36,54,
4,2,1700,,817,1,153,86,
8,4,1701,,331,1,127,30,
